living_room: [[9.16, 25.3], [10.6, 25.7], [11, 24.1], [9.4, 23.7]]


kitchen: [[9.16, 25.3], [10.6, 25.7], [11, 24.1], [9.4, 23.7]]


bedroom: [[9.16, 25.3], [10.6, 25.7], [11, 24.1], [9.4, 23.7]]


forbidden_room: [[9.16, 25.3], [10.6, 25.7], [11, 24.1], [9.4, 23.7]]

start_location: 
  position: 
    x: 8.245934441303595
    y: 24.285935396834816
    z: 0.0
  orientation: 
    x: 0.0
    y: 0.0
    z: 0.08719394681831685
    w: 0.9961913549304895

